world: 10367a36-87e5-4bba-a333-f7768b91f459
world-name: spawn
x: 36.504913577376364
y: -30.0625
z: 5.17915768207823
yaw: -179.84762573242188
pitch: 0.30000799894332886
name: crates
lastowner: 03acc4f2-1368-38b4-b6e1-6cf0f5abb35b
