world: 10367a36-87e5-4bba-a333-f7768b91f459
world-name: spawn
x: -35.84202343809487
y: -31.0625
z: 2.124220072596734
yaw: 103.6507568359375
pitch: -6.149896144866943
name: dungeons
lastowner: 03acc4f2-1368-38b4-b6e1-6cf0f5abb35b
