world: 10367a36-87e5-4bba-a333-f7768b91f459
world-name: spawn
x: 36.2353184978129
y: -30.0
z: 17.268332152970544
yaw: -44.54862976074219
pitch: -5.549993991851807
name: ranks
lastowner: 03acc4f2-1368-38b4-b6e1-6cf0f5abb35b
