world: 10367a36-87e5-4bba-a333-f7768b91f459
world-name: spawn
x: 36.342534414756805
y: -32.0
z: -43.893632018133765
yaw: -88.7977523803711
pitch: 3.900083541870117
name: shops
lastowner: 03acc4f2-1368-38b4-b6e1-6cf0f5abb35b
