world: 10367a36-87e5-4bba-a333-f7768b91f459
world-name: spawn
x: 0.5
y: -30.0
z: 6.5
yaw: 179.99917602539062
pitch: -2.70001482963562
name: spawn
lastowner: a435d91c-ba0f-4f24-af28-3ec704a0c778
