world: 10367a36-87e5-4bba-a333-f7768b91f459
world-name: spawn
x: -15.9126381767388
y: -32.0625
z: -51.50908707581684
yaw: 78.49127197265625
pitch: 2.854858636856079
name: statistics
lastowner: 03acc4f2-1368-38b4-b6e1-6cf0f5abb35b
